,fa_atr,fa_rep,fa_sol,fa_intra_rep,fa_intra_sol_xover4,lk_ball_wtd,fa_elec,hbond_sr_bb,hbond_lr_bb,hbond_bb_sc,hbond_sc,dslf_fa13,omega,fa_dun,p_aa_pp,yhh_planarity,ref,rama_prepro,cart_bonded,ddg
K64A,0.75782,-0.02574,-1.44932,-0.00181,-0.08299,0.10567,0.11054,-0.00907,0.00000,0.00601,0.00170,0.00000,-0.00408,-0.27880,-0.09399,0.00000,0.69354,0.00510,0.00385,-0.26156
K64C,0.01383,0.11485,-0.81429,0.00091,-0.08333,0.11236,-0.30329,-0.00057,0.00000,0.01927,0.00306,0.00000,-0.01814,-0.27120,0.11621,-0.00011,1.35000,0.20737,0.09728,0.54422
K64D,0.47698,-0.02200,0.49932,-0.00057,0.15408,0.25998,-1.69501,0.01304,0.00000,0.00907,-0.74082,0.00000,-0.01485,0.86973,0.05125,0.00000,-0.48673,0.03503,0.22245,-0.36905
K64E,-0.08741,0.00420,0.62880,0.00079,0.26633,0.15635,-0.75363,-0.00805,0.00000,0.00340,-0.58356,0.00000,-0.01179,0.74127,-0.06259,-0.00011,-0.68367,-0.02120,0.03435,-0.37653
K64F,-0.87200,0.08628,-0.48900,0.00998,-0.00329,0.01984,0.09218,-0.00556,0.00000,0.01973,0.00317,0.00000,0.01440,0.53583,0.06678,-0.00023,0.65748,0.07857,0.13073,0.34490
K64G,1.68288,0.01315,-1.53776,0.00045,-0.08980,0.14422,0.03311,-0.00465,0.00000,0.01349,0.00193,0.00000,-0.00748,-0.33866,0.19127,-0.00011,0.51463,0.31735,0.06531,0.99932
K64H,-0.24184,-0.08889,0.14921,-0.00476,0.06168,-0.03730,-0.11655,-0.01054,0.00000,-0.00215,0.00306,0.00000,0.00862,0.40680,0.05975,-0.00034,0.14082,0.08367,-0.11259,0.29864
K64I,-0.50442,0.03549,-0.86293,0.00862,-0.05975,0.07313,0.16134,-0.00578,0.00000,0.00397,0.00363,0.00000,-0.01508,-0.26791,-0.06780,0.00011,1.02653,0.15624,-0.05850,-0.37313
K64K,-0.07868,0.08435,-0.05488,0.00306,-0.00193,-0.02517,-0.01882,0.00227,0.00000,0.01009,-0.00011,0.00000,0.00113,-0.00136,-0.00136,0.00000,0.00000,-0.00601,0.10680,0.01939
K64L,-0.69966,0.03844,-0.46009,0.00646,-0.04989,-0.00692,0.15703,-0.00556,0.00000,0.00646,0.00147,0.00000,0.00408,-0.17120,-0.07245,-0.00023,0.80816,0.04694,0.03345,-0.36349
K64M,-0.94206,0.07154,-0.15329,-0.00023,-0.05782,-0.02551,0.08594,-0.00442,0.00000,0.00703,-0.00011,0.00000,0.00204,0.26088,0.00488,-0.00011,0.80680,0.10340,0.02846,0.18741
K64N,0.06100,-0.02585,0.08889,0.00011,0.01270,-0.14762,-0.11406,-0.00091,0.00000,0.01032,0.00125,0.00000,-0.00669,0.03163,0.12868,0.00000,-0.21293,0.17404,0.01429,0.01485
K64P,-0.92993,2.50839,-1.29807,-0.00351,-0.07959,0.28073,0.38084,0.46020,0.00000,0.00964,0.00238,0.00000,0.39376,-0.21361,0.03016,0.00011,-0.31599,3.70544,2.92517,7.85612
K64Q,-0.19410,-0.06916,0.39546,-0.00420,0.02018,-0.08469,-0.29104,-0.01043,0.00000,-0.00839,0.00397,0.00000,0.01009,0.66531,-0.04399,-0.00011,-0.25034,0.05748,-0.06984,0.12619
K64R,-0.05782,-0.06383,0.14422,-0.00204,0.03345,0.02846,-0.05714,-0.00249,0.00000,-0.00896,0.00363,0.00000,0.00306,0.19887,-0.03084,0.00011,0.21088,0.01043,-0.12063,0.28934
K64S,0.88481,-0.10884,-0.20669,-0.00454,-0.07800,0.10975,-0.44161,-0.00692,0.00000,-0.00975,0.00068,0.00000,-0.02710,-0.16281,0.12472,0.00023,0.14456,0.14467,-0.13197,0.23118
K64T,0.20193,-0.00873,-0.40113,0.00283,-0.06723,0.03946,-0.52063,-0.01723,0.00000,0.00091,0.00068,0.00000,-0.03095,-0.30567,0.05136,0.00000,0.63469,0.18424,-0.07415,-0.30964
K64V,-0.14921,0.05000,-1.27993,0.00680,-0.06939,0.09966,0.12755,-0.00556,0.00000,0.00646,0.00181,0.00000,-0.01020,-0.29796,-0.02041,0.00011,1.14184,0.11463,-0.02687,-0.31066
K64W,-1.71587,-0.04909,0.01497,0.00306,0.04683,0.11156,0.04320,-0.01553,0.00000,-0.01145,0.00215,0.00000,0.03163,0.35544,0.07653,0.00000,1.01190,0.05907,0.08878,0.05317
K64Y,-0.87948,0.01009,-0.31576,0.00658,0.02007,0.03197,0.11088,-0.00873,0.00000,0.00011,0.00397,0.00000,0.00522,0.51780,0.07608,0.00023,0.44116,0.06871,0.03220,0.12109
