,fa_atr,fa_rep,fa_sol,fa_intra_rep,fa_intra_sol_xover4,lk_ball_wtd,fa_elec,hbond_sr_bb,hbond_lr_bb,hbond_bb_sc,hbond_sc,dslf_fa13,omega,fa_dun,p_aa_pp,yhh_planarity,ref,rama_prepro,cart_bonded,ddg
D18A,1.00272,-0.12098,-3.21916,0.00023,-0.09218,0.17245,2.33175,-0.00907,0.00000,0.00023,0.00578,0.00000,-0.03912,-0.47721,-0.19399,-0.00011,1.18027,-0.04150,-0.32698,0.17313
D18C,-0.11179,-0.06859,-2.28129,0.00147,-0.08129,0.16519,1.85578,-0.01463,0.00000,0.00136,-0.00828,0.00000,-0.05624,-0.38923,-0.02222,0.00000,1.83673,0.17823,-0.28186,0.72336
D18D,0.09365,0.01825,-0.04524,0.00397,0.08662,0.21451,-0.43367,0.00884,0.00000,0.00023,-0.17256,0.00000,-0.01769,0.47370,-0.05159,0.00023,0.00000,-0.00113,-0.01973,0.15839
D18E,-0.55986,-0.11032,0.34830,0.00272,0.05227,0.03243,0.26497,0.00703,0.00000,0.00272,-0.11893,0.00000,-0.02098,0.51519,-0.16644,0.00000,-0.19694,-0.10726,-0.11701,-0.17211
D18F,-2.37290,0.13186,-2.01043,0.01259,0.02029,0.02426,2.46383,0.00159,0.00000,0.01066,0.01100,0.00000,-0.06451,0.63685,-0.11122,0.00000,1.14422,-0.01247,-0.10998,-0.22438
D18G,1.94989,-0.21746,-2.75624,0.00125,-0.10023,0.11054,2.26633,-0.06009,0.00000,-0.00454,-0.00726,0.00000,-0.03039,-0.50306,-0.00975,0.00057,1.00136,0.39637,-0.36519,1.67211
D18H,-1.38685,-0.11417,-0.40862,0.00272,0.05839,-0.02041,1.89728,-0.00420,0.00000,0.00023,-0.12007,0.00000,-0.05068,0.42302,-0.08016,0.00023,0.62755,-0.00692,-0.27370,0.54365
D18I,-1.47937,0.20000,-2.77846,0.01519,0.05045,0.17245,2.44546,-0.01508,0.00000,0.00159,-0.01304,0.00000,-0.03934,-0.15045,-0.22993,-0.00023,1.51327,0.06667,-0.17313,-0.41395
D18K,-1.18707,-0.07506,-0.52166,0.00420,0.16723,-0.08197,2.70646,0.00488,0.00000,-0.00193,0.01020,0.00000,-0.03515,0.45986,-0.10317,-0.00011,0.48673,-0.07166,-0.27313,1.48866
D18L,-1.22630,0.03594,-2.52018,0.00488,0.03277,0.14172,2.43469,-0.00794,0.00000,0.00408,0.00533,0.00000,-0.03356,-0.08878,-0.18152,0.00000,1.29490,-0.02653,-0.27902,-0.40952
D18M,-1.91485,0.23469,-2.30760,0.00488,-0.04887,0.13776,2.14308,0.00295,0.00000,0.01361,0.00839,0.00000,-0.02358,0.06111,-0.10204,0.00023,1.29354,0.03912,-0.17902,-0.63662
D18N,-0.12075,-0.17109,-1.11746,0.00295,0.01905,-0.24660,2.37449,0.00204,0.00000,0.00261,-0.00374,0.00000,-0.03095,-0.08696,0.04376,-0.00023,0.27381,0.12188,-0.27449,0.78832
D18P,-1.01395,2.29615,-2.29626,0.00091,-0.02778,0.28379,2.62358,0.74853,0.00000,-0.00544,0.10612,0.00000,0.22029,-0.31610,0.03084,0.00113,0.17075,3.60057,2.60102,9.02415
D18Q,-1.55748,-0.05930,0.10249,0.00147,0.02506,0.26179,1.10431,0.00510,0.00000,0.00238,-0.61361,0.00000,-0.03107,0.72415,-0.14456,-0.00057,0.23639,-0.01825,-0.23481,-0.19649
D18R,-0.42948,-0.10816,-1.30635,0.00476,0.19240,0.01179,2.43503,0.01066,0.00000,-0.00057,-0.01213,0.00000,-0.02710,0.74365,-0.13560,0.00023,0.69762,-0.07438,-0.24116,1.76122
D18S,0.48696,-0.14762,-1.10907,0.00011,-0.08163,0.11757,1.60113,-0.01757,0.00000,-0.00272,-0.62472,0.00000,-0.02415,-0.26961,0.03175,0.00000,0.63129,0.12200,-0.26712,0.44660
D18T,0.03673,-0.02585,-1.99376,0.00771,-0.05057,0.07528,1.66984,-0.02676,0.00000,0.00000,-0.00748,0.00000,-0.03401,-0.40454,-0.11134,-0.00011,1.12143,0.10034,-0.21519,0.14172
D18V,-0.41599,0.11553,-2.97245,0.01349,-0.04467,0.15544,2.26814,-0.00079,0.00000,-0.00068,-0.00295,0.00000,-0.02937,-0.43152,-0.17279,0.00000,1.62857,0.02120,-0.18095,-0.04977
D18W,-2.90385,0.36043,-1.77098,0.01893,0.09070,-0.05238,2.19048,0.01655,0.00000,0.00703,0.01395,0.00000,-0.01599,0.66497,-0.09592,-0.00045,1.49898,-0.01576,0.04898,0.05567
D18Y,-2.10850,-0.05261,-1.37982,0.01599,0.03311,0.00782,2.06338,-0.01270,0.00000,0.00102,-0.58673,0.00000,-0.04728,0.52687,-0.09433,0.00000,0.92789,-0.00952,-0.21304,-0.92846
