,fa_atr,fa_rep,fa_sol,fa_intra_rep,fa_elec,hbond_sr_bb,hbond_lr_bb,hbond_bb_sc,hbond_sc,dslf_fa13,rama,omega,fa_dun,p_aa_pp,yhh_planarity,ref,cart_bonded,ddg
K39A,0.36848,0.02174,-0.44620,-0.00489,0.01413,0.01576,-0.00109,0.00109,0.00000,0.00000,-0.11848,0.00435,-0.52391,-0.06902,0.00054,0.56630,-0.03261,-0.20380
K39C,0.04130,0.01304,-0.02446,-0.00435,0.00380,0.01630,-0.00217,0.00163,0.00109,0.00000,-0.03043,0.01141,-0.40870,0.15054,0.00109,0.41413,-0.05761,0.12663
K39D,-0.64656,0.03551,1.83750,-0.00326,-0.31033,0.01087,-0.00326,-0.00779,-0.00018,0.00000,-0.02156,-0.00054,0.33895,0.07536,0.00127,-0.69674,-0.08225,0.52699
K39E,-0.14837,-0.04638,0.61413,-0.00380,0.01630,0.07047,0.00254,0.00290,-0.00254,0.00000,-0.21214,0.00109,0.90598,0.04529,0.00308,-0.87120,-0.10725,0.27011
K39F,-0.84402,0.01848,0.34239,0.01576,0.05054,0.00109,0.00217,0.01522,0.00054,0.00000,0.12120,0.00380,0.36141,0.05326,-0.00109,0.55326,0.05924,0.75326
K39G,0.99022,0.01739,-0.65435,-0.00543,-0.00870,0.00870,-0.00163,-0.02880,-0.00380,0.00000,0.09946,0.00435,-0.53207,0.20815,0.00000,0.37554,-0.03967,0.42935
K39H,-1.85815,-0.00598,0.66467,-0.00489,-0.02174,0.09728,0.00761,0.02880,-0.00326,0.00000,-0.19457,0.00707,0.42717,0.17228,-0.00652,0.42174,-0.07826,-0.34674
K39I,-0.31902,-0.06141,-0.00272,0.00652,0.04185,0.10380,0.00652,0.00326,-0.00163,0.00000,-0.14728,-0.00815,-0.46630,0.13859,0.00435,0.73315,-0.04511,-0.01359
K39K,0.00000,0.00000,0.00000,0.00000,0.00000,0.00000,0.00000,0.00000,0.00000,0.00000,0.00000,0.00000,0.00000,0.00000,0.00000,0.00000,0.00000,0.00000
K39L,-0.31467,-0.06848,-0.07283,-0.00380,0.12391,0.12228,0.00815,0.00761,-0.00163,0.00000,-0.22880,0.01848,-0.39565,0.09783,-0.00054,0.62446,-0.05543,-0.13913
K39M,-0.17011,-0.09946,-0.05761,-0.00707,0.09457,0.12011,0.00543,0.00543,-0.00217,0.00000,-0.23261,0.00978,0.25163,0.09620,0.00489,0.36304,-0.13315,0.24891
K39N,-0.46522,-0.08859,0.72283,-0.00652,-0.08098,0.11685,0.00380,0.00380,-0.00217,0.00000,-0.18804,0.00489,0.19348,0.21576,0.00435,-0.44728,-0.15652,-0.16957
K39P,-0.76359,0.65163,-0.74511,-0.00598,-0.08641,-0.01522,-0.01033,0.04185,0.00217,0.00000,0.05109,-0.00815,-0.54891,-0.25924,-0.01359,-0.30543,1.13587,-0.87935
K39Q,-0.25054,-0.06793,0.17065,-0.00652,0.17120,0.10761,0.00543,0.00272,-0.00543,0.00000,-0.24402,0.00109,0.76793,0.07989,0.00435,-0.62446,-0.11196,-0.00000
K39R,-0.02446,-0.03424,0.14239,0.00326,0.01141,0.00054,0.00054,0.00163,0.00000,0.00000,0.03696,-0.00163,0.50652,-0.02880,0.00054,0.03478,-0.01033,0.63913
K39S,0.36957,-0.00978,-0.09946,-0.00217,-0.15435,0.02174,-0.00163,0.00815,-0.00272,0.00000,-0.13478,0.02554,-0.44946,-0.00543,0.00109,0.18696,-0.04674,-0.29348
K39T,0.05924,-0.09239,0.11141,-0.00598,-0.05652,0.14293,0.00489,0.00761,-0.00489,0.00000,-0.23641,0.02554,-0.47609,0.21413,0.00217,0.20598,-0.12772,-0.22609
K39V,-0.15272,-0.05435,-0.10761,0.00380,0.04130,0.11196,0.00652,0.00543,-0.00163,0.00000,-0.14511,-0.00652,-0.53098,0.17826,0.00380,0.67826,-0.06141,-0.03098
K39W,-5.20000,0.33696,1.77391,0.01793,-0.10217,-0.00543,0.00707,0.03424,0.00380,0.00000,0.04402,0.00272,0.44511,-0.17935,-0.01685,0.86522,0.27717,-1.69565
K39Y,-0.85543,0.02120,0.40761,0.01576,0.03315,0.00109,0.00163,0.01685,0.00109,0.00000,0.08641,0.00000,0.41739,0.03043,-0.00163,0.28859,0.04891,0.51304
