,fa_atr,fa_rep,fa_sol,fa_intra_rep,fa_elec,hbond_sr_bb,hbond_lr_bb,hbond_bb_sc,hbond_sc,dslf_fa13,rama,omega,fa_dun,p_aa_pp,yhh_planarity,ref,cart_bonded,ddg
K64A,1.07500,-0.05054,-1.17446,-0.00217,0.02174,-0.02283,0.00000,0.00543,0.00217,0.00000,0.03967,0.00326,-0.55163,-0.09022,0.00000,0.56630,-0.02011,-0.19837
K64C,0.72989,-0.05761,-0.65435,-0.00217,0.04239,0.00054,0.00000,0.00707,0.00217,0.00000,0.09728,0.00217,-0.45598,0.16522,0.00000,0.41413,-0.02011,0.27065
K64D,-0.34529,0.07373,1.40888,-0.00000,-1.30217,-0.03967,0.00000,0.00942,-0.39221,0.00000,0.09547,0.00290,1.33025,0.07428,0.00000,-0.69674,0.09293,0.31178
K64E,-0.30181,-0.00652,0.65634,0.00380,-1.27518,-0.07428,0.00000,0.00417,-0.37011,0.00000,0.08967,0.03569,1.21884,-0.02717,0.00000,-0.87120,0.05888,-0.85888
K64F,-1.17681,0.05163,-0.32065,0.01703,0.08025,0.00906,0.00000,0.00272,0.00199,0.00000,0.10507,0.02572,0.71014,0.06721,0.00000,0.55326,0.07681,0.20344
K64G,2.18442,-0.05018,-1.58967,-0.00236,-0.00942,-0.04620,0.00000,0.00707,0.00091,0.00000,0.25616,0.02210,-0.57138,0.19293,0.00000,0.37609,-0.04076,0.72971
K64H,-0.47609,-0.07337,-0.10924,0.00435,-0.78750,-0.06196,0.00000,0.00163,-0.28641,0.00000,0.14728,0.04076,0.55978,0.07065,0.00000,0.42228,-0.01522,-0.56304
K64I,-0.62880,-0.00163,-0.18859,0.01250,0.00924,-0.03641,0.00000,0.00380,0.00272,0.00000,0.15489,0.00761,-0.47228,-0.01033,0.00000,0.73315,-0.01467,-0.42880
K64K,0.00000,0.00000,0.00000,0.00000,0.00000,0.00000,0.00000,0.00000,0.00000,0.00000,0.00000,0.00000,0.00000,0.00000,0.00000,0.00000,0.00000,0.00000
K64L,-0.28967,0.02391,-0.29076,0.00272,0.07337,0.01304,0.00000,0.01033,0.00109,0.00000,0.06576,-0.00380,-0.41141,-0.05054,0.00000,0.62446,0.00924,-0.22228
K64M,-0.38967,0.04891,-0.31739,-0.00054,0.03587,0.01848,0.00000,0.00652,0.00054,0.00000,0.04783,0.00217,0.24783,-0.04348,0.00000,0.36304,-0.01250,0.00761
K64N,-0.22989,-0.03424,0.34293,0.00000,-0.12120,0.00217,0.00000,0.00870,0.00163,0.00000,0.14946,0.00109,0.17065,0.12283,0.00000,-0.44728,-0.01359,-0.04674
K64P,-0.32989,3.68370,-1.94511,0.00326,0.02228,0.94783,0.00000,0.04076,0.00163,0.00000,0.21304,0.57174,-0.02500,-0.18370,0.00000,-0.30543,4.35054,7.04565
K64Q,-0.86141,-0.00815,0.51033,0.00217,0.07283,0.00652,0.00000,-0.00272,0.00163,0.00000,0.03533,-0.01087,0.81576,-0.05217,0.00000,-0.62446,-0.02446,-0.13967
K64R,-0.33696,0.00308,0.61214,0.01178,-0.86775,0.02301,0.00000,0.44004,-0.18533,0.00000,-0.00960,0.03822,0.54909,-0.03986,0.00000,0.03478,0.04511,0.31775
K64S,0.83098,0.05308,-0.49547,0.00489,-0.12917,-0.01322,0.00000,0.02536,0.00036,0.00000,0.07572,0.00380,-0.27101,0.11196,0.00000,0.18696,0.12500,0.50924
K64T,0.27011,-0.01014,0.00344,0.00761,-0.20960,-0.03333,0.00000,0.01431,0.00091,0.00000,0.14402,-0.00127,-0.50942,0.11395,0.00000,0.20652,0.03949,0.03659
K64V,-0.13641,0.02174,-0.45489,0.00978,-0.00489,-0.02609,0.00000,0.00707,0.00163,0.00000,0.16087,0.00543,-0.52772,0.03696,0.00000,0.67826,-0.01087,-0.23913
K64W,-1.63478,0.03243,-0.54891,0.02101,0.04946,-0.02790,0.00000,0.01359,0.00163,0.00000,0.05906,0.00779,0.46938,0.01467,0.00000,0.86522,0.02373,-0.65362
K64Y,-1.71359,0.04783,0.22065,0.01793,0.08478,0.02880,0.00000,0.00054,0.00326,0.00000,0.05543,0.00326,0.90435,0.11033,0.00000,0.28859,0.02772,0.07989
