#NUM AA HA CA CB CO N HN
1 M 0 0 0 0 0 0
2 P 4.548 63.346 31.93 176.816 0 0
3 S 4.434 58.041 64.114 174.468 116.132 8.427
4 E 4.298 56.463 30.347 176.191 122.714 8.498
5 K 4.47 55.429 33.553 176.876 121.303 8.312
6 T 4.487 61.369 70.195 175.146 115.624 8.406
7 F 4.197 61.31 39.381 176.747 125.569 9.161
8 K 3.947 59.069 31.961 178.017 117.095 8.611
9 Q 4.178 56.856 28.793 176.891 116.431 7.649
10 R 4.216 57.308 30.536 176.392 117.646 7.579
11 R 4.538 54.597 32.323 176.315 119.94 7.658
12 T 4.481 61.72 70.308 175.288 118.15 8.378
13 F 4.217 61.516 38.836 176.991 124.676 9.128
14 E 3.893 59.627 28.954 178.712 117.665 9.034
15 Q 4.127 58.186 28.27 178.304 118.874 7.702
16 R 4.202 59.893 29.914 178.902 120.26 8.168
17 V 3.709 66.345 31.201 178.31 118.738 8.056
18 E 4.062 59.352 28.812 178.674 119.781 7.644
19 D 4.462 57.192 40.296 178.537 120.579 8.21
20 V 3.417 66.287 31.37 177.518 119.718 7.758
21 R 3.971 59.007 29.273 178.8 119.532 7.711
22 L 4.14 57.825 41.764 179.003 120.398 7.831
23 I 3.802 64.504 37.278 178.143 119.554 7.945
24 R 4.021 58.436 29.08 178.711 118.505 8.186
25 E 4.162 58.637 29.703 178.316 118.734 7.973
26 Q 4.08 57.137 29.381 176.62 115.578 7.792
27 H 5.06 53.579 30.065 173.436 117.216 8.174
28 P 4.499 64.313 31.857 177.072 0 0
29 T 4.442 61.553 69.107 173.976 109.494 7.861
30 K 4.796 54.572 34.896 175.941 121.218 7.373
31 I 4.117 56.459 38.125 174.201 123.546 8.922
32 P 4.999 61.644 31.004 175.44 0 0
33 V 4.747 60.386 34.416 174.53 124.747 8.72
34 I 4.681 58.281 38.104 174.95 127.063 8.884
35 I 4.914 59.91 39.532 174.97 126.945 8.633
36 E 4.902 54.388 33.867 175.272 125.425 8.684
37 R 3.915 56.221 30.676 176.188 119.721 8.673
38 Y 4.482 58.095 39.773 176.034 123.999 7.883
39 K 3.948 57.042 32.158 176.855 124.231 7.836
40 G 4.002 45.26 0 174.31 110.093 8.261
41 E 4.236 56.768 29.963 176.397 119.749 8.419
42 K 4.227 56.525 31.808 176.009 121.782 8.592
43 Q 4.355 55.774 29.945 175.581 120.046 8.433
44 L 4.763 52.463 42.54 174.764 119.015 7.868
45 P 4.575 63.222 32.109 176.784 0 0
46 V 4.29 61.617 32.418 175.79 120.433 8.337
47 L 4.37 54.391 42.401 176.832 126.285 8.521
48 D 4.455 55.701 40.616 176.526 122.069 8.604
49 K 4.434 55.145 34.138 175.252 118.955 7.776
50 T 4.433 63.532 69.68 174.382 116.261 8.54
51 K 4.789 55.61 33.459 175.486 122.67 7.646
52 F 4.678 56.817 42.641 173.91 124.322 9.069
53 L 4.866 53.801 42.689 176.031 124.705 8.495
54 V 4.426 58.762 34.416 174.431 125.199 8.464
55 P 4.744 63.099 32.335 176.947 0 0
56 D 4.347 55.637 40.066 176.847 122.536 8.365
57 H 4.679 56.723 29.671 175.94 116.465 8.168
58 V 3.763 62.361 32.279 175.721 121.083 7.321
59 N 4.786 53.002 39.072 176.368 124.611 8.778
60 M 4.23 57.926 31.865 177.788 124.05 8.772
61 S 4.268 60.865 62.755 176.591 114.204 8.428
62 E 4.279 57.773 29.595 178.072 121.717 7.69
63 L 4.026 57.663 41.635 178.273 121.55 7.805
64 I 3.584 65.17 37.472 177.982 118.706 7.646
65 K 4.006 59.263 32.07 179.164 119.237 7.157
66 I 3.716 64.508 37.881 178.408 119.92 7.508
67 I 3.597 63.466 36.544 177.994 119.173 7.887
68 R 3.565 58.693 29.516 178.486 119.906 7.884
69 R 4.17 57.456 29.536 177.386 117.275 7.7
70 R 4.249 56.783 29.686 176.884 117.628 7.385
71 L 4.246 54.733 42.303 176.76 120.422 7.158
72 Q 4.222 55.864 28.487 175.691 122 8.436
73 L 4.372 54.393 43.125 176.422 120.338 7.91
74 N 4.594 53.083 38.825 175.041 120.421 8.411
75 A 4.322 52.496 19.883 177.02 123.741 8.414
76 N 4.663 53.64 38.931 175.317 115.102 8.384
77 Q 4.367 54.983 29.861 175.295 118.836 7.717
78 A 4.319 52.403 19.652 176.262 124.114 8.312
79 F 5.017 56.728 41.703 174.544 121.143 8.252
80 F 4.737 56.576 42.484 173.93 124.098 8.62
81 L 5.022 53.927 43.93 175.306 123.443 8.223
82 L 4.737 53.298 44.672 176.027 125.534 8.974
83 V 4.376 62.271 32.415 176.265 123.494 8.585
84 N 4.449 54.512 38.323 175.278 124.561 9.282
85 G 3.96 45.542 0 173.759 107.08 8.083
86 H 4.647 56.009 29.591 174.645 116.202 7.672
87 S 4.568 57.531 64.214 174.445 115.054 7.704
88 M 4.703 55.378 32.686 176.42 124.108 8.689
89 V 4.144 62.149 32.405 176.063 121.181 7.787
90 S 4.524 57.881 63.848 175.057 120.009 8.493
91 V 4.08 63.417 32.065 176.369 122.563 8.542
92 S 4.276 58.912 62.191 174.373 118.72 8.675
93 T 4.81 59.674 70.148 173.11 117.516 7.609
94 P 4.6 62.942 32.7 177.149 0 0
95 I 3.899 63.164 38.14 177.009 123.858 8.67
96 S 4.232 61.89 62.628 176.528 115.522 8.067
97 E 4.193 58.8 29.224 178.964 121.347 7.888
98 V 3.749 66.027 31.725 177.616 119.869 7.458
99 Y 4.174 61.205 37.955 177.712 120.929 8.626
100 E 3.931 58.788 29.138 177.996 116.557 7.982
101 S 4.382 60.303 64.084 175.623 112.491 7.387
102 E 4.519 55.312 29.682 176.507 117.188 8.236
103 K 4.327 56.825 32.467 175.58 119.848 7.516
104 D 4.836 52.82 42.637 176.295 122.354 8.455
105 E 4.036 58.859 30.158 177.316 119.76 8.968
106 D 4.326 55.439 40.393 176.65 115.675 8.267
107 G 4.074 45.304 0 174.395 107.024 8.829
108 F 5.091 58.462 40.366 174.559 119.462 7.812
109 L 5.039 53.453 43.906 174.815 121.625 8.225
110 Y 4.993 57.74 39.549 175.003 126.698 9.198
111 M 5.373 54.15 37.138 174.7 122.208 9.2
112 V 5.01 60.008 34.716 174.412 117.872 8.844
113 Y 5.479 55.022 39.958 174.075 121.543 8.174
114 A 4.758 50.668 23.208 175.216 124.933 8.611
115 S 4.713 58.05 64.427 174.454 113.493 8.429
116 Q 4.367 55.118 30.083 175.559 120.546 7.749
117 E 4.012 57.047 30.172 176.564 122.351 8.589
118 T 4.26 61.342 70.05 174.168 113.08 7.747
119 F 0 0 0 0 0 0
120 G 0 0 0 0 0 0
