#NUM AA HA CA CB CO N HN
1 M 0 0 0 0 0 0
2 P 4.56 62.826 32.223 176.706 0 0
3 S 4.378 58.231 64.006 174.475 115.628 8.397
4 E 4.273 56.441 30.343 176.267 122.286 8.496
5 K 4.417 56.041 33.205 177.234 121.912 8.417
6 T 4.547 60.953 70.524 175.302 112.934 8.073
7 F 4.174 61.658 39.303 176.777 123.161 9.271
8 K 3.942 59.157 31.919 178.085 117.315 8.682
9 Q 4.145 57.555 29.204 177.518 117.503 7.627
10 R 4.069 58.119 30.241 177.051 118.623 8.263
11 R 4.62 54.755 32.328 176.76 118.882 7.721
12 T 4.487 61.371 70.556 175.496 115.398 8.056
13 F 4.205 61.67 38.839 176.943 123.092 9.078
14 E 3.9 59.451 28.876 178.591 117.591 9.065
15 Q 4.108 58.339 28.93 177.841 119.079 7.656
16 R 4.162 59.549 30.074 178.819 119.971 8.218
17 V 3.747 65.939 31.253 178.073 118.018 8.328
18 E 4.071 59.047 29.099 178.267 120.732 7.523
19 D 4.417 56.957 40.306 178.436 120.135 8.236
20 V 3.448 66.156 31.459 177.443 119.371 7.952
21 R 3.986 59.103 29.59 178.678 120.103 7.638
22 L 4.129 57.484 41.949 178.924 120.017 7.869
23 I 3.684 65.104 37.736 177.813 120.113 8.057
24 R 3.968 58.584 29.316 178.206 118.326 8.281
25 E 4.208 58.255 29.887 177.943 118.793 7.663
26 Q 4.079 57.193 29.727 176.723 116.61 7.819
27 H 5.018 53.485 29.932 173.54 116.95 8.335
28 P 4.385 64.855 31.933 177.507 0 0
29 T 4.387 62.136 69.283 174.74 109.247 7.892
30 K 4.564 55.366 34.637 176.266 122.201 7.401
31 I 3.98 56.902 38.047 174.233 123.614 9.037
32 P 4.974 61.811 31.247 175.665 0 0
33 V 4.867 60.258 35.248 174.436 123.999 8.897
34 I 4.634 58.357 38.097 175.029 126.721 8.983
35 I 4.781 60.097 39.383 174.933 126.945 8.786
36 E 4.878 54.253 34.189 174.991 124.783 8.534
37 R 3.668 55.8 30.912 175.837 120.991 8.577
38 Y 4.488 57.642 40.001 175.598 124.351 8.024
39 K 3.931 56.927 32.2 176.291 123.014 7.405
40 G 4.053 44.843 0 173.534 109.628 7.962
41 E 4.237 56.549 30.305 176.484 119.436 8.369
42 K 4.112 57.633 32.228 177.177 123.055 8.725
43 Q 4.258 56.716 28.565 176.7 117.394 8.23
44 L 4.613 53.128 41.43 175.277 121.277 7.487
45 P 4.557 63.023 32.266 176.359 0 0
46 V 4.621 60.066 34.335 175.367 115.862 8.087
47 L 4.413 54.489 42.305 176.927 123.877 8.555
48 D 4.498 55.19 40.238 176.604 121.156 8.567
49 K 4.372 55.975 33.771 175.517 120.081 7.912
50 T 4.472 63.648 69.876 174.567 116.02 8.508
51 K 4.732 56.064 33.159 175.855 122.722 7.778
52 F 4.581 57.175 42.888 173.961 124.578 9.311
53 L 4.789 54.052 42.934 175.74 123.837 8.517
54 V 4.422 58.906 34.296 174.135 125.134 8.56
55 P 4.624 62.853 32.328 177.367 0 0
56 D 4.299 55.927 39.663 177.125 122.479 8.001
57 H 4.613 56.868 29.68 176.093 117.16 7.879
58 V 3.772 62.836 32.152 175.724 121.964 7.591
59 N 4.875 53.042 39.609 176.272 125.049 8.67
60 M 4.208 58.367 32.078 177.972 122.845 8.824
61 S 4.135 61.778 62.524 176.824 115.061 8.751
62 E 4.17 58.408 29.368 178.339 122.723 7.636
63 L 3.996 57.917 41.698 178.302 121.382 8.014
64 I 3.47 65.529 37.566 177.822 119.112 8.391
65 K 3.943 59.713 32.118 179.145 120.023 7.542
66 I 3.659 64.932 38.255 178.156 120.153 7.911
67 I 3.513 64.487 37.093 177.725 119.947 7.972
68 R 3.689 59.19 29.714 178.667 119.308 8.388
69 R 4.125 57.933 29.746 177.772 118.512 7.84
70 R 4.227 57.19 30.12 177.332 117.844 7.454
71 L 4.249 54.411 41.953 176.791 120.03 7.637
72 Q 4.279 55.661 27.803 175.513 122.299 8.304
73 L 4.463 54.119 43.795 176.403 121.742 7.985
74 N 4.619 53.269 38.742 176.005 120.99 8.512
75 A 4.205 53.774 18.896 177.936 123.905 8.571
76 N 4.677 53.809 38.431 175.783 114.78 7.921
77 Q 4.416 56.048 30.107 175.537 119.518 7.757
78 A 4.468 52.127 20.337 175.979 122.366 8.249
79 F 5.012 57.532 42.02 174.772 118.835 8.131
80 F 4.573 56.663 42.653 173.566 123.459 8.726
81 L 4.935 54.09 44.006 175.314 123.378 8.01
82 L 4.646 53.478 44.559 175.964 125.745 8.941
83 V 4.274 62.747 32.552 176.07 123.886 8.718
84 N 4.375 55.132 38.253 174.955 123.741 9.659
85 G 3.949 45.842 0 173.529 106.371 7.95
86 H 4.717 56.571 31.079 175.254 116.719 7.925
87 S 4.479 57.942 63.968 174.217 115.623 8.284
88 M 4.713 55.176 32.888 175.608 124.023 8.691
89 V 4.288 61.188 33.355 175.642 121.132 8.193
90 S 4.52 57.998 63.234 175.649 119.623 8.617
91 V 3.882 64.094 31.173 177.077 123.096 9.022
92 S 4.408 60.011 62.882 175.818 116.263 8.222
93 T 4.379 61.587 68.949 173.909 121.758 7.662
94 P 4.656 62.53 32.731 177.206 0 0
95 I 3.794 62.935 37.699 177.111 124.207 8.852
96 S 4.233 61.709 62.57 176.442 115.585 7.986
97 E 4.269 58.023 29.732 178.444 122.315 7.692
98 V 3.749 66.065 31.696 177.363 120.277 7.744
99 Y 4.182 61.329 38.095 177.994 120.459 8.639
100 E 4.038 58.48 29.158 177.523 117.31 7.951
101 S 4.42 59.986 64.495 175.005 112.766 7.461
102 E 4.543 55.558 29.872 176.437 117.132 8.375
103 K 4.276 57.056 32.559 175.587 120.568 7.259
104 D 4.837 52.705 42.772 176.338 122.751 8.628
105 E 4.035 58.647 29.959 176.9 120.347 8.978
106 D 4.326 54.729 40.582 176.5 115.598 8.19
107 G 4.026 45.233 0 174.544 107.876 8.62
108 F 4.97 58.576 40.464 174.588 119.563 7.875
109 L 4.995 53.546 43.832 174.894 121.853 8.429
110 Y 5.001 57.747 40.084 175.073 125.725 9.169
111 M 5.321 54.426 37.716 174.733 121.479 9.32
112 V 4.94 60.231 34.852 174.273 117.844 8.879
113 Y 5.43 55.223 40.011 173.954 122.302 8.65
114 A 4.802 50.457 22.798 175.724 124.998 8.788
115 S 4.617 58.697 64.744 174.376 114.339 8.561
116 Q 4.447 54.86 31.146 175.28 119.378 7.888
117 E 3.888 57.364 29.841 176.925 121.539 8.629
118 T 4.203 61.803 69.937 174.679 112.726 7.793
119 F 4.591 57.583 39.657 176.15 122.464 8.473
120 G 0 0 0 0 0 0
