#NUM AA HA CA CB CO N HN
1 M 0 0 0 0 0 0
2 P 4.565 63.185 32.05 176.751 0 0
3 S 4.384 58.393 63.902 174.238 116.006 8.455
4 E 4.283 56.573 30.42 175.898 121.703 8.332
5 K 4.495 55.506 33.836 176.793 120.422 8.255
6 T 4.495 61.059 70.615 175.245 112.639 8.105
7 F 4.146 61.847 39.419 176.964 123.719 9.241
8 K 3.951 59.453 31.84 178.254 117.053 8.567
9 Q 4.123 57.698 29.031 177.354 117.852 7.665
10 R 4.112 57.682 30.331 176.618 118.157 7.927
11 R 4.565 54.623 32.266 176.615 119.441 7.7
12 T 4.481 61.661 70.423 175.37 116.66 8.176
13 F 4.192 61.6 38.858 177.11 123.876 9.145
14 E 3.959 59.619 28.841 178.693 118.121 8.999
15 Q 4.118 58.281 28.639 178.108 119.068 7.743
16 R 4.172 59.669 30.048 178.757 119.828 8.025
17 V 3.648 65.987 31.276 178.109 118.803 8.196
18 E 4.031 59.291 28.911 178.338 120.402 7.563
19 D 4.468 57.069 40.891 178.452 119.385 7.93
20 V 3.445 66.001 31.484 177.576 119.298 7.705
21 R 3.974 59.103 29.631 178.779 119.681 7.647
22 L 4.141 57.671 41.9 178.965 119.876 7.765
23 I 3.824 64.082 37.72 177.637 119.198 7.806
24 R 4.075 57.842 29.237 178.169 117.998 8.021
25 E 4.171 58.617 29.542 178.238 119.311 7.759
26 Q 4.079 57.351 29.428 176.846 116.703 7.624
27 H 4.999 53.617 30.446 173.347 117.222 8.147
28 P 4.499 64.474 32.24 177.266 0 0
29 T 4.437 61.745 69.281 174.606 108.475 8.077
30 K 4.596 55.287 34.687 175.897 121.675 7.453
31 I 4.065 56.713 38.734 173.877 122.694 8.797
32 P 5.162 61.4 31.774 175.485 0 0
33 V 4.811 60.268 34.89 174.496 124.083 8.807
34 I 4.678 58.352 38.04 174.875 127.067 8.878
35 I 4.994 59.955 39.64 174.73 126.856 8.492
36 E 4.872 54.429 34.266 174.549 124.583 8.425
37 R 3.865 55.109 31.356 175.834 120.096 8.479
38 Y 4.33 58.454 39.63 175.888 124.28 8.034
39 K 3.925 57.116 32.033 177.278 126.323 8.026
40 G 3.898 45.535 0 174.326 107.236 7.646
41 E 4.461 55.968 30.972 175.253 120.848 7.346
42 K 4.353 56.55 33.352 176.248 124.857 8.639
43 Q 4.292 56.694 28.924 176.458 117.606 8.218
44 L 4.702 52.686 42.201 174.985 121.062 7.944
45 P 4.564 62.878 32.552 176.55 0 0
46 V 4.363 61.692 32.318 175.904 118.492 8.349
47 L 4.398 54.553 42.689 176.727 126.14 8.552
48 D 4.429 55.351 40.662 175.932 121.544 8.842
49 K 4.426 55.462 34.623 174.956 119.694 7.588
50 T 4.435 63.662 69.429 173.966 117.394 8.408
51 K 4.897 55.235 33.871 175.249 122.075 7.578
52 F 4.631 57.117 42.809 173.991 124.86 9.097
53 L 4.918 54.033 43.281 175.83 124.258 8.486
54 V 4.509 58.62 34.606 174.194 126.146 8.706
55 P 4.677 63.025 32.461 176.917 0 0
56 D 4.3 56.255 40.246 176.904 121.567 8.338
57 H 4.606 56.484 29.647 175.757 115.383 7.932
58 V 3.749 62.773 32.194 175.63 121.883 7.158
59 N 4.876 53.333 39.885 175.93 124.959 8.645
60 M 4.208 58.077 31.93 177.763 122.689 8.665
61 S 4.205 61.248 62.641 176.716 114.159 8.661
62 E 4.204 58.189 29.367 178.266 122.381 7.71
63 L 4.01 57.644 41.746 178.323 120.94 7.714
64 I 3.539 65.312 37.495 177.875 118.766 7.86
65 K 3.975 59.447 32.147 179.127 119.282 7.125
66 I 3.713 64.694 37.908 178.158 119.858 7.504
67 I 3.6 63.585 36.243 177.922 119.544 7.846
68 R 3.475 59.406 29.827 178.443 120.426 8.07
69 R 4.179 58.306 29.844 178.735 118.068 7.784
70 R 4.155 57.734 29.907 178.026 118.597 7.715
71 L 4.057 56.151 42.469 177.438 119.119 7.775
72 Q 4.104 56.111 26.187 175.483 115.219 7.57
73 L 4.005 56.647 42.668 177.134 120.971 7.235
74 N 4.351 54.231 37.18 174.054 113.558 8.332
75 A 4.431 51.837 21.146 175.987 120.47 7.623
76 N 4.655 53.505 39.033 174.965 117.743 8.654
77 Q 4.36 55.584 30.025 175.088 118.764 7.754
78 A 4.206 52.669 18.204 175.644 122.127 8.45
79 F 4.847 56.915 42.124 174.184 119.858 7.687
80 F 4.683 56.838 42.827 173.749 123.703 8.607
81 L 5.073 53.952 44.019 175.129 123.151 8.342
82 L 4.761 53.395 44.885 175.775 126.532 9.024
83 V 4.32 62.801 32.267 176.426 123.422 8.695
84 N 4.425 54.831 38.517 175.178 124.933 9.417
85 G 4.03 45.623 0 173.713 106.591 8.106
86 H 4.611 55.777 29.577 174.643 116.169 7.757
87 S 4.605 57.598 63.977 173.692 115.104 8.089
88 M 4.764 55.103 33.52 175.742 124.784 8.652
89 V 4.248 61.487 32.681 175.588 120.407 8.282
90 S 4.493 58.163 63.957 175.194 120.119 8.532
91 V 4.088 63.085 31.978 176.067 118.486 8.488
92 S 4.281 59 62.358 174.182 117.505 8.627
93 T 4.811 59.845 70.072 173.013 118.14 7.873
94 P 4.635 62.687 32.826 177.05 0 0
95 I 3.905 62.572 37.992 176.965 123.019 8.624
96 S 4.231 61.946 62.71 176.545 115.65 7.967
97 E 4.207 58.779 29.131 179.003 121.803 7.907
98 V 3.739 66.084 31.7 177.791 120.072 7.462
99 Y 4.221 61.029 38.048 178.058 120.746 8.475
100 E 3.973 58.983 29.199 178.326 117.947 7.987
101 S 4.352 60.428 63.875 175.555 112.307 7.512
102 E 4.518 55.418 29.926 176.326 117.493 8.164
103 K 4.352 56.733 32.72 175.486 119.85 7.431
104 D 4.82 53.41 43.153 175.882 122.269 8.344
105 E 4.066 58.653 30.069 177.21 119.861 9.016
106 D 4.285 55.426 40.696 176.534 115.826 8.256
107 G 4.064 45.334 0 174.457 106.808 8.749
108 F 5.078 58.365 40.434 174.437 119.465 8.125
109 L 5.034 53.44 44.336 174.713 121.141 8.229
110 Y 5.028 57.532 39.909 174.985 126.279 9.187
111 M 5.383 54.307 37.211 174.715 122.446 9.197
112 V 4.968 60.127 34.758 174.351 118.588 8.829
113 Y 5.608 55.201 40.278 174.033 121.728 8.173
114 A 4.939 50.857 23.366 175.215 123.287 8.668
115 S 4.737 58.886 63.828 174.125 113.468 8.707
116 Q 4.483 54.788 31.257 174.424 119.362 7.672
117 E 3.586 57.734 30.369 176.196 120.946 8.336
118 T 4.194 61.051 70.079 173.622 113.091 7.333
119 F 0 0 0 0 0 0
120 G 0 0 0 0 0 0
