# DDG
-0.102
-0.027
0.028
-0.023
0.030
-0.248
-0.138
-0.018
-0.031
-0.009
-0.021
0.081
-0.021
-0.008
-0.058
-0.086
-0.067
0.015
0.028
0.747
0.557
0.855
0.552
0.498
0.327
0.153
0.732
0.429
0.293
0.229
0.434
0.104
0.102
-0.367
-0.150
0.494
0.333
0.253
0.578
0.340
0.946
0.522
0.838
0.402
0.294
0.154
0.016
0.521
0.644
0.643
-0.004
0.647
-0.053
0.268
0.625
0.790
0.613
1.669
0.973
0.605
0.033
0.114
0.414
0.636
0.587
1.595
1.010
0.732
0.936
0.466
1.337
0.981
1.288
0.580
0.821
1.274
-0.174
0.146
0.743
-0.203
0.164
-0.271
-0.887
-0.609
0.029
-0.620
0.200
-1.260
-0.029
-0.294
0.595
0.394
-0.301
-0.967
0.181
4.252
2.694
2.248
1.062
1.725
0.659
1.262
2.388
3.644
3.553
3.205
1.084
3.642
2.613
3.975
3.697
4.037
4.034
2.817
1.396
0.733
1.338
0.040
1.261
0.333
3.836
4.044
-0.221
1.600
1.692
1.085
2.784
2.545
0.906
2.798
1.069
-0.336
4.109
1.156
0.850
2.348
0.616
1.726
0.684
0.886
0.942
0.912
0.864
1.864
1.100
0.864
1.057
0.873
0.096
0.744
1.032
1.232
0.717
-0.067
0.802
0.051
0.658
-0.010
0.251
0.100
4.889
-0.640
-0.177
-0.671
0.231
0.265
-0.098
-0.015
-0.088
0.224
0.718
1.714
0.878
0.638
-0.188
0.358
-0.433
-0.319
0.484
4.902
1.226
0.766
0.766
-0.372
-0.159
0.188
1.324
0.515
-0.212
-0.013
-0.519
-0.349
0.655
0.481
0.631
0.559
0.433
1.136
-1.195
-0.872
1.067
0.617
-1.038
0.708
-2.502
-1.068
0.830
0.728
0.759
2.287
1.624
1.866
0.932
1.640
0.957
0.917
-0.303
1.932
1.921
2.154
0.493
1.596
1.596
1.380
0.862
1.330
1.624
1.970
2.301
1.637
1.916
1.017
1.444
0.801
1.552
0.973
0.935
1.874
1.868
2.024
1.599
1.942
1.239
0.495
1.331
1.573
2.074
0.927
-0.017
0.685
-0.376
0.207
-0.211
0.276
0.490
-0.083
0.230
-0.057
0.652
0.420
0.172
-0.826
-0.575
0.206
0.323
0.558
3.892
2.221
3.462
1.430
2.813
0.307
10.101
18.862
4.990
3.118
1.799
2.685
12.804
2.481
3.893
5.767
5.989
2.139
8.365
1.014
0.375
-0.464
0.070
-0.420
0.214
0.044
5.346
0.587
0.680
0.748
0.237
0.747
0.139
0.607
0.426
-0.238
-0.266
0.744
0.945
0.172
0.200
-0.619
-0.310
-0.727
-0.412
-0.571
1.850
0.188
0.273
0.588
-0.236
0.020
-0.176
0.377
-0.248
-0.261
0.208
1.321
-0.381
-0.821
-1.267
-1.214
-1.389
-0.168
-0.228
2.248
0.596
-0.170
0.342
0.097
0.795
-0.539
-0.289
0.070
0.202
0.248
3.112
1.486
1.873
0.860
0.288
3.259
1.568
5.630
1.983
0.651
0.577
3.021
2.686
1.728
3.551
2.974
2.357
1.613
3.767
1.368
0.335
0.661
0.010
-0.185
-0.511
-0.159
0.014
2.920
0.815
1.210
1.105
-0.130
0.525
0.167
1.225
0.709
-0.077
0.411
1.005
0.275
1.162
0.479
0.082
0.526
0.810
2.687
0.584
0.384
1.542
0.556
0.323
0.394
0.979
0.546
0.191
0.539
1.024
3.853
2.211
0.964
0.323
0.230
0.857
2.230
4.178
2.542
1.753
2.450
0.945
3.105
2.455
3.634
3.356
2.204
2.193
2.342
2.021
1.306
1.455
0.031
0.221
0.032
0.947
0.168
4.896
1.273
1.433
1.453
1.316
1.040
0.909
2.162
1.125
0.780
1.530
0.688
-0.124
0.294
-0.253
-0.225
-0.608
-0.288
-0.344
1.666
0.357
0.356
0.553
-0.250
-0.162
-0.531
0.469
-0.350
-0.647
-0.136
1.224
0.594
0.901
-0.149
0.274
-0.286
-0.335
-0.092
2.947
0.276
0.990
0.543
-0.103
0.141
1.068
0.501
-0.043
0.202
0.190
1.816
0.562
0.869
-0.824
0.276
-0.456
-1.281
-1.357
3.437
1.421
2.309
0.684
-0.914
0.347
-0.050
1.809
1.244
-0.628
-0.984
1.628
1.267
2.063
1.699
1.742
1.891
1.560
2.011
1.192
1.859
1.629
1.696
1.433
1.174
1.949
1.786
0.580
0.440
1.740
0.041
-0.040
-0.198
-0.753
-0.610
-0.731
-1.177
-0.923
-0.267
-0.371
0.073
-1.063
-0.642
-0.710
-0.301
-0.643
-0.718
-0.717
-0.157
2.341
1.401
1.065
-0.551
0.481
-0.482
-0.592
0.229
3.543
2.057
1.232
1.181
-0.395
1.653
1.105
2.604
1.547
0.266
1.405
5.903
3.469
0.629
1.760
1.461
12.242
14.853
5.084
5.084
2.793
2.794
16.980
3.702
3.502
5.064
4.380
3.431
4.466
8.610
4.032
2.241
2.511
4.684
1.493
3.111
16.546
20.054
4.513
3.696
2.135
19.861
5.345
4.923
5.754
4.329
7.311
10.099
14.028
5.786
3.832
1.439
1.315
1.007
11.426
19.072
10.217
4.485
2.056
2.754
11.639
4.653
5.406
6.391
5.944
6.948
11.565
11.732
6.543
4.660
0.949
2.297
1.155
12.773
13.671
5.372
5.927
3.894
3.233
17.562
3.210
4.454
5.008
4.368
8.372
8.621
10.904
7.028
5.156
1.400
0.574
0.856
5.458
4.991
7.545
6.259
4.046
4.108
7.813
5.066
3.279
6.019
5.164
4.478
6.098
5.629
2.670
1.817
0.855
0.052
0.418
-0.231
1.259
1.977
4.848
1.815
1.071
1.468
1.935
2.518
1.210
1.574
0.568
1.045
2.528
1.596
0.892
0.213
0.240
0.001
-0.610
0.537
1.024
-0.947
1.958
1.582
0.803
2.040
1.755
0.779
2.634
2.451
-0.392
1.566
3.763
2.131
2.495
2.264
2.448
1.483
-0.684
1.115
7.518
3.263
3.833
2.832
3.324
3.383
4.352
3.531
2.948
3.518
3.163
0.531
0.744
0.422
0.156
0.164
-0.012
-0.109
-0.254
-1.050
0.636
0.538
0.349
-0.029
0.434
0.265
0.570
0.178
-0.124
0.388
1.372
2.432
0.633
2.817
1.211
1.050
2.206
4.935
1.415
3.278
1.688
1.460
1.333
1.888
1.234
1.919
1.508
1.118
1.853
3.037
1.532
2.519
0.845
3.614
2.785
14.623
24.089
8.471
3.423
2.296
1.435
15.350
0.802
2.280
0.688
5.935
8.332
9.910
0.656
0.783
0.598
0.422
0.434
0.538
0.283
0.438
1.636
0.356
0.578
2.340
0.328
0.130
0.109
0.569
0.680
-0.213
-0.051
1.347
1.164
0.528
-0.363
0.595
0.331
-0.025
0.586
2.911
0.834
0.626
1.148
0.207
0.725
0.931
0.723
-0.264
-0.135
1.021
4.388
2.891
1.980
1.141
0.272
4.579
10.646
4.564
4.451
4.204
2.623
11.868
3.203
3.418
4.767
4.609
3.400
4.272
4.845
2.482
2.311
2.573
2.123
2.269
2.028
2.243
2.463
2.149
2.679
2.277
2.298
2.303
2.525
1.735
2.401
1.553
1.473
2.819
-0.067
-0.322
-0.644
-0.340
-0.568
-0.166
-0.221
-1.799
-0.135
-0.257
-0.034
-0.041
0.001
-0.336
-0.469
-0.704
-0.432
-0.674
0.004
4.597
3.548
2.371
0.976
1.668
4.447
12.656
3.029
4.076
3.934
3.167
6.069
3.873
3.504
4.333
4.435
6.173
7.533
3.487
0.192
0.497
0.590
0.082
0.440
0.098
0.284
0.072
-0.797
0.413
0.950
0.439
0.333
0.076
-0.294
0.308
-0.050
-0.414
0.649
0.741
0.358
0.940
-0.220
0.572
-0.110
0.634
0.116
2.649
0.146
0.164
-0.503
0.359
-0.128
-0.000
1.026
0.218
-0.195
0.764
2.117
1.442
-0.027
-0.200
0.053
0.929
0.592
1.082
1.307
1.502
1.337
0.924
1.022
0.139
0.279
0.950
0.783
1.095
1.087
2.480
1.728
-0.165
-1.133
-0.763
-0.831
1.707
0.222
1.157
2.037
0.774
0.832
1.607
1.315
0.813
1.112
0.796
0.427
1.066
5.308
4.022
2.575
1.407
2.215
1.241
1.808
8.185
4.177
3.765
3.606
1.350
4.145
3.542
4.392
3.460
3.084
3.318
3.306
2.957
2.123
1.866
1.846
0.129
0.457
1.577
2.415
2.900
2.061
2.146
0.729
1.907
2.091
1.958
1.952
1.181
2.293
1.711
4.895
3.034
-0.702
-0.982
-0.864
-1.007
0.016
6.507
3.664
2.315
1.828
-0.113
2.765
1.985
3.306
2.395
1.844
2.327
2.763
3.302
2.142
3.008
2.195
2.687
2.042
2.392
2.807
2.501
3.428
3.003
2.633
2.267
2.414
2.953
1.339
2.511
2.797
3.243
0.996
0.155
1.433
0.105
1.395
0.477
0.460
1.155
0.571
1.135
2.594
0.981
0.489
0.460
0.455
-0.032
-0.032
0.346
0.977
0.243
0.263
0.623
-0.352
0.289
-0.482
-0.693
-0.972
0.520
0.177
0.532
-0.038
-0.657
-0.036
-0.316
0.352
0.144
-0.399
-0.262
3.375
1.588
-1.102
-0.103
-0.645
-0.286
-0.521
6.144
2.314
1.384
1.403
-0.102
2.136
1.653
3.228
2.008
0.936
1.098
1.962
1.445
2.276
1.610
1.904
2.102
1.907
1.820
3.479
0.821
1.402
2.247
2.663
1.348
1.507
-2.692
1.456
1.395
1.381
2.649
5.760
4.141
3.448
0.135
2.463
5.260
12.473
2.146
4.005
2.654
4.182
7.660
4.852
4.163
5.920
5.207
5.653
11.189
4.627
0.365
-0.384
0.078
-0.698
-0.447
-1.298
-0.231
-0.775
-2.058
0.168
0.523
-0.193
0.151
-0.688
-0.609
-0.838
-0.256
-0.111
0.135
2.785
1.148
1.072
0.202
0.734
0.361
0.012
0.422
1.957
2.413
1.785
1.993
0.545
2.291
0.438
1.960
1.092
0.995
1.708
5.674
3.912
1.304
1.359
-0.026
0.639
2.586
8.688
4.257
3.444
3.716
2.521
4.178
2.455
4.839
3.812
3.513
3.606
2.728
2.927
1.776
0.803
-0.138
0.070
3.866
3.876
4.774
1.947
2.053
1.829
4.771
1.662
1.581
2.323
1.541
1.503
1.057
2.951
0.675
-0.124
0.792
-0.469
0.206
-0.747
-0.351
-0.208
0.970
0.059
-0.163
0.640
-0.282
0.076
0.070
-0.031
-0.183
-0.062
0.163
2.492
1.418
1.040
-0.232
-0.807
0.109
-0.279
4.245
1.484
1.753
1.913
-0.742
1.406
0.701
1.627
0.984
0.493
0.821
1.544
5.856
3.855
1.144
-0.115
-0.239
3.546
8.643
6.599
4.894
3.547
3.482
4.316
3.230
3.476
4.868
3.943
5.004
5.944
4.985
1.741
0.421
0.325
-0.492
-0.408
-0.821
5.211
4.936
3.108
1.089
0.635
0.539
6.201
0.498
0.549
2.191
0.708
-0.302
3.241
1.068
0.238
0.847
-0.120
0.149
-0.419
0.128
-0.145
4.032
0.516
0.768
0.933
0.186
0.183
0.331
0.844
0.344
0.065
0.401
2.292
0.666
1.014
-0.917
-0.242
-1.048
-0.378
-0.182
3.888
1.032
1.043
1.241
-0.320
0.639
0.429
1.730
0.768
-0.060
0.533
4.938
4.091
3.749
2.362
0.192
9.155
21.083
6.544
4.411
5.492
3.496
10.639
3.060
3.011
6.202
5.113
5.345
8.912
5.857
-0.178
0.816
2.105
0.915
3.077
0.958
0.603
0.823
6.089
0.363
1.623
0.706
0.623
-0.262
0.838
0.887
-1.186
-0.746
-0.469
4.010
2.934
2.261
1.855
0.886
3.908
10.493
7.058
3.337
3.131
2.823
9.218
4.140
3.567
4.531
3.624
4.321
4.015
5.613
-0.256
-0.527
0.031
-0.382
-0.069
-0.792
-0.080
0.330
-0.819
-0.316
0.193
-0.050
-0.072
-0.107
-0.548
-0.393
-0.510
-0.366
0.264
0.229
0.341
-0.018
0.262
0.203
0.022
0.242
-1.332
0.107
0.330
0.306
0.303
0.360
0.110
-0.086
-0.336
0.092
0.114
0.463
0.134
0.067
0.057
-0.531
-0.352
-0.433
-0.227
0.024
-0.270
0.003
0.343
-0.187
-0.124
-0.236
-0.051
-0.341
-0.389
-0.238
0.203
1.693
0.620
-0.410
-1.060
-0.873
-1.213
-0.350
-1.295
2.906
1.507
0.307
0.487
-0.293
0.298
-0.064
0.154
-0.050
0.241
-0.102
0.506
0.385
-0.414
0.790
-0.216
0.001
0.074
-0.861
0.062
0.313
-0.083
-0.021
0.268
-0.397
-0.131
-0.198
-0.342
-0.896
0.269
5.821
4.693
4.361
2.030
3.128
0.875
1.244
5.936
4.996
4.720
4.293
1.136
5.301
4.563
5.955
5.404
4.748
6.247
3.168
2.577
1.446
0.109
0.464
-0.022
0.291
0.220
4.965
2.023
1.146
1.162
0.277
2.329
0.950
3.259
1.774
1.043
1.294
1.545
5.708
4.455
3.190
1.992
-0.113
4.808
13.652
4.497
5.099
4.277
3.312
9.183
3.974
3.645
4.986
4.516
4.052
8.538
3.119
3.546
2.494
0.906
0.258
0.627
3.309
4.450
4.324
3.451
2.193
2.101
9.495
2.822
2.974
4.483
3.431
1.359
2.483
3.973
5.017
3.231
1.540
0.920
3.346
10.952
21.203
8.106
3.669
2.631
2.569
14.333
4.235
5.584
6.347
8.515
5.255
8.569
10.656
1.815
2.053
3.653
1.295
3.499
1.185
1.188
2.898
5.327
2.292
2.417
3.387
1.576
1.071
2.394
2.557
0.832
-0.329
1.902
2.613
5.001
2.641
4.965
2.601
2.529
4.016
5.644
2.647
3.490
3.972
2.524
2.372
2.503
2.981
2.804
2.724
2.436
2.474
0.467
0.612
0.218
0.249
0.236
-0.019
-0.497
-0.042
5.152
0.143
-0.014
0.072
0.206
0.898
0.448
0.772
0.545
-0.164
0.129
0.594
-0.427
-1.052
-2.560
-1.875
-1.017
0.010
0.388
-1.834
-1.031
-0.457
-0.167
0.274
0.306
0.594
-0.147
-0.115
0.034
0.546
5.194
3.629
2.700
1.394
2.092
11.356
14.575
7.040
4.277
3.181
2.754
11.282
4.198
2.692
5.846
5.296
3.247
3.783
9.491
-0.147
-0.403
-1.112
-0.911
-1.181
-1.698
-1.173
-1.579
-0.077
-0.145
-0.179
-1.952
0.017
-0.494
-0.327
-0.803
-0.783
-0.483
-0.270
-0.189
0.116
0.206
-0.282
0.132
-0.161
-0.448
-0.579
-0.637
0.268
0.143
-0.350
-0.136
-0.104
-0.167
-0.065
-0.189
-0.281
-0.020
2.361
1.026
0.070
-0.108
-0.390
-0.603
0.808
4.881
1.285
0.336
1.201
-0.171
1.030
0.551
2.492
1.435
0.271
0.390
1.385
-0.563
-0.311
0.675
-0.516
0.291
-0.668
-0.172
0.032
1.651
0.059
-0.131
-0.030
-0.075
-0.670
-1.563
-0.591
-0.671
-0.449
-0.057
0.392
-0.266
0.515
-0.522
0.018
-0.820
-0.298
-0.301
-0.408
-0.259
-0.290
-0.270
0.319
-0.212
0.487
0.397
-0.527
-0.670
-0.016
1.573
1.183
2.176
1.251
1.950
1.416
1.546
2.106
1.719
3.044
1.738
1.536
1.759
1.866
2.379
1.418
1.585
1.727
1.672
5.275
3.826
1.524
0.535
0.460
2.246
13.324
6.382
5.065
3.689
3.781
6.196
4.121
4.054
4.911
5.051
5.185
10.630
8.802
0.958
-0.202
0.571
-0.283
1.173
-0.846
-0.385
0.097
6.736
1.623
0.622
-0.565
0.748
-0.222
1.180
0.869
-0.290
0.133
0.098
1.760
0.678
0.642
-0.259
0.466
-0.049
0.540
0.355
0.863
1.284
1.383
0.987
0.559
0.547
0.445
0.679
0.029
0.431
0.837
4.678
2.680
0.047
-0.278
0.342
9.901
11.544
1.766
3.254
1.622
2.517
17.157
3.200
2.376
4.987
4.371
2.194
2.591
9.571
5.196
3.677
3.386
1.923
3.899
1.511
0.541
0.871
9.336
5.440
5.222
4.238
4.773
4.115
4.088
4.640
3.216
4.227
2.722
0.863
0.152
0.381
-0.175
0.031
-0.066
-0.186
0.389
3.597
0.151
0.126
0.721
-0.030
0.104
-0.015
0.334
0.081
-0.240
0.393
0.247
-0.341
0.135
-0.858
-0.309
-0.976
-0.763
-0.959
1.942
-0.136
0.065
-1.097
-0.556
-0.881
0.042
-0.321
-0.967
-0.687
-0.602
2.587
1.319
2.145
0.023
1.791
-0.076
0.133
1.543
8.726
2.167
2.692
0.892
0.154
0.959
0.843
1.456
0.020
-0.023
-0.164
0.944
0.160
0.947
0.117
4.428
-0.461
0.424
2.329
1.613
0.615
0.856
0.916
0.602
1.148
0.533
1.999
1.309
0.055
0.103
-0.345
-1.236
1.592
-1.505
1.683
-1.373
-1.267
0.122
2.555
-0.913
2.026
-0.822
-1.399
-0.695
-0.364
-0.435
-1.128
-0.583
-1.315
0.475
0.066
0.110
-0.079
-0.212
-0.305
0.033
-0.140
-0.861
-0.131
0.230
0.436
0.061
0.318
-0.203
0.373
-0.406
-0.346
0.365
4.145
2.782
2.698
4.441
4.200
4.612
10.589
14.696
3.252
2.711
4.221
2.532
12.369
2.708
6.601
6.421
7.041
8.096
14.802
5.599
10.496
5.172
11.380
4.854
5.947
5.397
11.094
6.748
11.550
6.136
6.034
6.630
5.696
7.368
7.318
5.948
6.224
6.218
6.499
5.111
4.370
1.751
3.871
1.410
4.119
6.938
5.194
5.026
4.599
0.187
4.306
5.411
7.483
6.799
3.713
5.829
4.141
6.422
4.507
2.463
3.201
1.124
6.627
15.485
7.115
5.717
4.186
3.281
10.823
4.282
4.083
5.842
6.307
6.411
9.621
5.358
4.922
4.173
3.855
3.396
3.128
2.587
0.964
3.079
3.056
4.721
4.460
4.041
4.729
3.553
5.753
4.987
4.084
3.650
3.759
6.725
5.230
4.430
2.197
2.225
6.961
6.986
8.161
5.929
4.484
4.212
8.631
6.271
4.034
8.466
5.741
4.337
5.240
7.104
2.407
1.457
-0.289
-0.559
-0.209
-0.275
0.186
3.752
1.809
1.196
1.577
-0.227
1.695
0.724
2.468
1.387
0.179
-0.172
1.261
6.586
5.405
3.332
2.600
2.369
2.106
0.542
5.240
5.980
6.365
5.482
4.964
5.899
5.828
7.263
6.705
5.345
7.837
4.449
0.859
5.232
7.468
7.906
6.014
8.450
21.432
2.658
-0.993
2.355
-0.243
8.743
3.071
10.591
6.747
12.063
6.880
5.979
10.640
0.207
-0.589
-0.322
-1.416
-0.442
-1.114
-1.145
-0.198
7.197
0.150
-0.594
-0.627
-0.864
-0.326
1.100
0.201
-1.146
-0.732
-0.160
0.789
0.495
0.273
0.569
0.511
-0.264
0.188
0.029
1.848
-0.071
-0.002
0.446
0.292
0.384
0.736
0.498
-0.342
-0.423
0.042
1.340
0.853
0.786
-0.051
0.477
-0.025
0.973
1.089
-0.272
1.394
0.467
0.805
0.989
1.407
0.340
1.252
0.226
0.630
1.650
0.103
0.303
0.082
0.046
0.303
0.052
-0.033
0.015
0.285
0.064
0.176
-0.021
0.327
0.043
0.850
0.308
-0.282
-0.247
-0.146
3.346
3.346
5.351
4.027
5.253
1.777
2.444
4.152
3.685
5.319
2.967
1.537
3.837
4.625
5.007
5.141
4.614
4.907
3.169
