,fa_atr,fa_rep,fa_sol,fa_intra_rep,fa_intra_sol_xover4,lk_ball_wtd,fa_elec,hbond_sr_bb,hbond_lr_bb,hbond_bb_sc,hbond_sc,dslf_fa13,omega,fa_dun,p_aa_pp,yhh_planarity,ref,rama_prepro,cart_bonded,ddg
V89A,0.49286,0.03844,-0.40533,-0.01224,-0.13980,0.18912,0.16270,-0.00998,0.00000,0.01712,-0.00023,0.00000,0.07585,-0.28549,-0.32834,-0.00079,-0.44830,-0.24569,0.18005,-0.72007
V89C,-0.74150,-0.28753,0.24546,-0.01304,-0.11939,0.11020,0.04819,-0.01111,0.00000,0.01440,-0.00068,0.00000,0.07971,-0.12007,-0.12823,-0.00091,0.20816,0.04580,0.01961,-0.65091
V89D,-0.60499,-0.34331,2.71474,-0.01270,0.11315,-0.24649,-0.05941,-0.01463,0.00000,0.01757,-0.00023,0.00000,0.05805,0.07302,-0.48560,-0.00091,-1.62857,-0.27052,0.05454,-0.63628
V89E,-1.88934,0.14773,3.20159,0.00249,0.11372,0.23027,-0.76746,-0.01032,0.00000,-0.51565,-0.00079,0.00000,0.08345,1.31859,-0.19161,-0.00170,-1.82551,-0.14048,0.28741,0.04240
V89F,-2.91633,0.10397,-0.41372,-0.00533,0.00238,0.07823,0.31961,-0.03526,0.00000,0.01553,-0.00011,0.00000,-0.01814,0.69274,-0.19637,-0.00181,-0.48435,-0.05612,0.42937,-2.48571
V89G,1.62109,-0.33231,0.26111,-0.01383,-0.13878,0.14728,0.14535,-0.00975,0.00000,0.01553,-0.00034,0.00000,0.04603,-0.44830,-0.18129,-0.00091,-0.62721,0.14512,-0.05011,0.57868
V89H,-3.03866,0.24615,2.65249,-0.01179,0.09898,0.00034,-0.24921,-0.02664,0.00000,-0.27347,0.00023,0.00000,0.04773,0.62336,-0.35998,-0.00136,-1.00102,-0.22120,0.14762,-1.36644
V89I,-0.87449,0.37313,0.15385,0.01995,-0.00941,0.04512,0.22370,0.02460,0.00000,-0.00227,-0.00011,0.00000,0.11825,0.01667,-0.09989,-0.00057,-0.11531,-0.06485,0.94796,0.75635
V89K,-1.74252,-0.50737,2.78129,-0.00476,0.10181,-0.02109,-0.36327,-0.01179,0.00000,-0.31066,-0.00045,0.00000,0.05499,0.42619,-0.18821,-0.00102,-1.14184,-0.05295,-0.02596,-1.00760
V89L,-2.32619,0.50601,-0.94263,0.01599,-0.04796,0.19331,0.20862,-0.01429,0.00000,0.01145,-0.00034,0.00000,0.01553,0.46757,-0.23390,-0.00023,-0.33367,-0.08277,0.73379,-1.82971
V89M,-2.63254,-0.04796,0.27800,-0.00760,-0.08061,0.08878,0.29501,-0.01735,0.00000,0.01156,0.00000,0.00000,0.03356,0.16689,-0.27268,-0.00113,-0.33503,-0.12540,0.15227,-2.49422
V89N,-1.24410,-0.21077,1.86009,-0.01032,0.10726,-0.24422,0.27120,-0.00839,0.00000,0.01621,-0.00034,0.00000,0.07086,0.22086,-0.45488,-0.00091,-1.35476,-0.26111,0.02109,-1.22222
V89P,0.56497,0.14955,0.85272,-0.00374,0.01168,0.06587,0.08322,-0.00488,0.00000,0.00215,0.00011,0.00000,-0.04966,0.09671,-0.61122,0.00000,-1.45782,0.00930,0.36984,0.07880
V89Q,-1.88084,-0.26973,2.05442,-0.00340,-0.00680,0.05068,-0.22562,-0.01440,0.00000,-0.57948,-0.00023,0.00000,0.10930,0.87880,-0.27744,-0.00125,-1.39218,-0.18912,0.16372,-1.58356
V89R,-2.06383,-0.15748,2.27245,-0.00283,0.21678,0.15986,-0.20442,-0.00839,0.00000,-0.17959,-0.00045,0.00000,0.05816,0.73435,-0.23231,-0.00079,-0.93095,-0.06338,0.03537,-0.36746
V89S,0.30034,-0.30215,1.84025,-0.01281,-0.12483,0.16984,-0.65317,-0.00510,0.00000,-0.95000,-0.00023,0.00000,0.07732,-0.33277,-0.16009,-0.00091,-0.99728,0.06009,0.22245,-0.86905
V89T,-0.77653,-0.14819,1.30748,-0.00510,-0.10986,0.16474,-0.65884,-0.00669,0.00000,-0.95272,-0.00023,0.00000,0.06939,-0.03005,0.00454,-0.00045,-0.50714,0.37143,0.29354,-0.98469
V89V,-0.05113,0.13141,-0.01825,0.00215,0.00079,0.04354,-0.03095,-0.00091,0.00000,-0.00510,0.00011,0.00000,-0.00102,0.14830,0.00227,0.00023,0.00000,0.00238,0.02596,0.24977
V89W,-4.46950,0.31134,0.64308,0.01531,0.12290,0.03209,0.16519,-0.03107,0.00000,0.01406,-0.00011,0.00000,0.01837,1.05238,-0.28367,-0.00249,-0.12959,-0.10170,0.45091,-2.19252
V89Y,-2.88923,-0.16009,0.47188,-0.00703,0.04864,-0.02120,0.33957,-0.03492,0.00000,0.02086,-0.00057,0.00000,-0.02880,0.39717,-0.14989,-0.00068,-0.70068,-0.02166,0.44172,-2.29490
